0 0 0 -2.45132 5.88459 0 10.2469 -2.20502 5.50688 -10.1766 0 2142.62 183016 2324.79 182452
0 0 1 -1.08343 1.69884 0.000525305 9.5157 -1.10236 1.73522 -9.65493 -0.000528175 9246.57 244792 8915.02 244228
0 0 2 -0.998988 1.66078 1.09499 10.6802 -0.998759 1.67749 -10.694 -1.01192 5517.3 140660 5407.38 140114
0 0 3 -0.964802 1.69979 2.10561 12.3648 -0.996108 1.69974 -12.2958 -2.10805 3343.47 91399 3326.38 91358
0 0 4 -0.935954 1.69904 3.19152 12.7698 -0.976595 1.65018 -12.5058 -3.1309 2347.59 59250 2421.24 59625
0 0 5 -0.977506 1.59983 4.20542 14.1327 -0.912164 1.69845 -14.0078 -4.20475 1497.3 38310 1510.67 38661
0 0 6 -0.961978 1.56112 5.29398 14.9059 -0.899768 1.55081 -14.6682 -5.20721 976.831 23690 1007.81 23366
0 0 7 -1.00065 1.4505 6.29767 15.8665 -0.998521 1.51916 -15.4191 -6.29924 629.6 14767 648.322 14886
0 0 8 -0.966075 1.40011 7.26763 15.9664 -0.999672 1.34066 -15.8023 -7.22014 448.138 9224 465.62 9352
0 0 9 -0.887157 1.2996 8.28506 16.0118 -0.999379 1.33043 -15.8978 -8.20761 366.111 6186 339.738 6087
0 0 10 -0.899903 1.19803 9.21019 16.1914 -0.78749 1.19973 -15.7994 -9.33205 278.229 4075 300.418 3861
0 0 11 -0.799251 1.11383 10.3033 16.3421 -0.8642 1.09986 -16.5025 -10.3197 230.075 2658 203.323 2469
0 0 12 -0.856878 1.09971 11.4177 16.4796 -0.899905 1.21799 -16.6672 -11.4989 151.959 1505 133.2 1458
0 0 13 -0.794327 1.09896 12.4935 16.7857 -0.859978 1.07219 -16.4985 -12.5003 102.258 831 105.367 814
0 0 14 -0.837755 1.05675 13.4005 16.6956 -0.849015 0.999949 -16.9846 -13.3876 67.6019 422 61.9482 412
0 0 15 -0.774879 0.999873 14.6036 16.9528 -0.875992 0.999931 -16.8947 -14.4432 48.6888 203 42.1847 194

0 1 0 0.200434 2.67618 -1.98555 1.91802 -4.48396 0.199949 -2.57954 2.74871 61819 597434 1516.01 37835
0 1 1 0.0331016 2.39968 -0.094356 4.86952 -3.97888 1.69123 -6.54635 0.900423 90048.3 1057834 896.836 37868
0 1 2 0.10033 2.29771 1.10194 7.36868 -2.98801 0.199178 -7.39749 -0.863995 51771.3 712911 1050.06 21866
0 1 3 0.0725776 2.20109 2.20014 9.96475 -2.71148 0.099874 -9.10719 -2.07944 30387.2 502210 804.202 15889
0 1 4 0.0989958 2.17677 3.2025 11.1796 -2.26284 0.0992973 -10.6449 -3.10092 21074.7 349302 623.175 11105
0 1 5 0.0999312 2.13944 4.20632 12.7349 -2.54664 0.0991381 -13.4292 -4.10372 13585.7 236312 301.583 7441
0 1 6 0.100004 2.09502 5.27525 13.6014 -2.49923 0.755825 -14.0853 -5.20033 9268.35 153955 158.673 4589
0 1 7 0.100077 2.09262 6.3009 14.3703 -2.7985 0.478 -14.6823 -6.10725 6302.18 101331 103.218 2900
0 1 8 0.100965 2.05337 7.28352 14.7755 -2.61792 0.05008 -15.3723 -7.30216 4563.53 66753 80.2557 1728
0 1 9 0.108447 1.99972 8.30066 15.3536 -2.09993 1.06659 -16.8177 -8.20089 3348.37 44664 39.1785 1069
0 1 10 0.121985 1.98018 9.30468 15.6054 -2.18747 0.079025 -16.9332 -9.3001 2597.29 30409 38.6118 668
0 1 11 0.1119 1.9994 10.3025 16.1394 -2.08701 -0.000181786 -16.274 -10.4003 1746.47 19241 41.5259 509
0 1 12 0.0993125 1.97856 11.4003 16.3463 -2.0996 0.020305 -16.9203 -11.3004 1221.11 11350 27.0278 322
0 1 13 0.0991793 2.01063 12.3019 16.6265 -2.05149 -0.000163333 -16.7907 -12.5397 730.324 6037 22.4766 196
0 1 14 0.100571 1.97523 13.4298 16.884 -1.98342 -0.100112 -16.5995 -13.7162 450.478 2917 24.6775 134
0 1 15 0.115663 1.94458 14.4367 16.9992 -1.79022 -0.100066 -16.9999 -14.1196 267.357 1253 16.2276 79

0 2 0 0.904606 5.31518 -1.21335 1.29946 -6.03994 -1.00255 -1.27849 1.57986 8070.97 89450 780.144 11233
0 2 1 1.00086 3.92314 0.000315906 2.48782 -6.50621 -1.00247 -3.76874 0.0975264 20182.1 146707 511.493 10884
0 2 2 1.06941 3.5 1.09106 3.69974 -6.39287 -0.705683 -7.29427 -1.00091 19025.7 120635 158.529 5674
0 2 3 1.07105 3.39983 2.01389 4.98385 -5.36194 -0.61594 -9.19935 -2.0527 14296.8 98882 124.3 4216
0 2 4 1.00215 3.23067 3.10689 6.46651 -4.6967 -0.990653 -10.6532 -3.10073 10129.9 75843 113.934 3189
0 2 5 1.01883 3.20044 4.10905 8.869 -5.18955 -1.00076 -12.5956 -4.20077 5129.44 53266 69.9577 2460
0 2 6 1.00068 3.18175 5.19804 10.0809 -4.65016 -1.00221 -13.9775 -5.0318 3305.95 35208 55.6786 1817
0 2 7 1.00043 3.15992 6.2025 11.9573 -4.11538 -1.00057 -15.3757 -6.06325 1908.09 23713 39.6462 1150
0 2 8 1.00042 3.12896 7.20321 13.2327 -4.38303 -1.08128 -16.691 -7.08921 1231.35 15803 25.0137 793
0 2 9 1.0001 3.13275 8.20542 14.2587 -3.4812 -1.0003 -16.2844 -8.2044 839.616 10839 23.9453 480
0 2 10 1.00022 3.0094 9.21101 14.7982 -3.48371 -1.06946 -16.7837 -9.26946 691.985 7768 18.9072 343
0 2 11 1.00005 2.9816 10.3004 15.8124 -3.6725 0.6775 -16.8915 -10.2415 464.009 5068 6.91384 200
0 2 12 1.00033 2.89937 11.3014 15.6478 -3.09471 0.470037 -16.893 -11.3282 393.743 3250 7.10795 141
0 2 13 1.00027 3.02377 12.2297 16.1991 -2.99991 -1.11275 -16.6999 -12.5255 215.39 1730 13.0748 103
0 2 14 1.00038 2.99419 13.3158 16.5903 -3.17995 -1.2001 -16.58 -13.6001 138.158 902 13.7294 81
0 2 15 1.03127 2.97827 14.3525 16.7996 -2.59996 -1.11535 -16.9998 -14.3153 88.9887 424 15.5566 62

0 3 0 1.87124 7.81023 -1.2746 1.19995 -8.03304 -2.10196 -1.19948 1.3614 1669.06 24529 310.426 4715
0 3 1 1.31307 6.58972 -0.095906 2.57768 -7.24422 -2.00166 -2.77879 0.0908388 1973.33 27839 324.777 4886
0 3 2 1.57529 6.15667 1.00159 4.32322 -10.1992 -1.82669 -6.17803 -1.00209 1140.06 17349 57.9891 2513
0 3 3 1.92784 5.74384 2.00455 5.57392 -7.6562 -2.1003 -8.55797 -2.00149 935.046 12736 49.0294 1786
0 3 4 2.00608 5.9695 3.09517 7.60796 -6.56043 -2.10086 -10.1604 -3.10049 532.09 9517 43.5773 1372
0 3 5 2.00049 5.71855 4.17056 9.29447 -7.72498 -2.01448 -12.4134 -4.10097 341.871 6513 24.3953 1158
0 3 6 1.53764 4.89782 5.07714 10.0351 -6.18228 -2.10006 -11.7842 -4.70218 250.183 4168 30.1623 872
0 3 7 1.4227 5.8677 6.11965 14.3646 -6.82526 -2.10059 -16.2659 -6.14236 71.4889 2620 14.7605 706
0 3 8 1.2995 5.25075 7.20075 15.205 -6.29386 -2.01586 -16.3792 -7.30041 50.3372 1592 12.5646 488
0 3 9 1.1518 5.0994 7.93795 15.3849 -4.12105 -2.1002 -12.221 -8.2004 34.4244 1012 39.261 319
0 3 10 1.50245 5.23721 9.30027 16.6678 -5.2453 -2.10014 -16.7972 -9.45249 24.0226 661 9.56692 221
0 3 11 2.10005 5.08084 10.3036 15.6838 -5.15594 -2.20011 -15.7662 -10.2107 29.8677 479 10.8397 178
0 3 12 2.10008 4.32748 11.2513 16.978 -4.09959 -2.31322 -14.773 -11.2001 22.97 293 17.0779 109
0 3 13 2.10011 4.73738 12.3323 16.569 -3.99988 -2.12327 -14.6767 -12.3001 22.6429 253 21.0762 94
0 3 14 1.40322 4.07397 13.3278 16.9985 -3.79996 -2.2052 -16.7959 -13.5117 11.9343 117 12.0284 63
0 3 15 2.10387 4.08112 14.2057 16.7829 -4.0995 -2.30775 -16.8918 -14.7 17.8576 91 8.40301 33

0 4 0 3.00872 8.86869 -1.09989 1.1965 -9.44164 -3.02939 -1.3178 1.09889 698.164 9395 151.713 2351
0 4 1 2.9992 8.4046 -0.0004 2.38487 -9.16114 -2.90132 -3.08246 -0.000237593 772.493 9960 132.994 2566
0 4 2 3.05802 8.68789 1.0018 4.58708 -9.16959 -3.00167 -4.58813 -1.00501 285.415 5761 60.4061 1335
0 4 3 3.10002 6.4982 2.0002 4.9982 -7.96511 -3.01036 -7.1572 -2.10061 394.2 4016 39.1552 981
0 4 4 3.00399 7.21047 3.07177 7.27427 -8.80967 -3.10024 -9.16927 -3.06152 180.453 3190 22.0522 769
0 4 5 3.1004 7.01829 4.10147 9.31862 -10.0661 -3.10068 -11.0661 -4.10135 114.92 2349 11.1518 541
0 4 6 3.1258 6.58305 5.01328 9.47053 -9.17501 -3.10042 -13.9851 -5.11136 114.927 1771 9.36844 505
0 4 7 3.10092 8.02651 6.01381 15.5376 -8.8856 -3.1816 -15.705 -6.20048 23.5557 1105 7.0831 384
0 4 8 3.10062 8.31536 7.12797 15.5415 -7.44487 -3.11937 -14.1747 -7.14917 17.0031 746 9.80624 298
0 4 9 3.01651 5.88951 8.30032 14.9743 -5.56357 1.07468 -14.0636 -7.82532 26.4938 508 5.96459 247
0 4 10 3.14606 5.26231 9.30042 13.7171 -5.35842 -3.2001 -15.0584 -9.5001 35.8412 335 14.004 168
0 4 11 1.06559 5.89934 10.1159 15.3497 -6.39129 -3.02479 -16.399 -10.3325 10.4749 265 6.56127 134
0 4 12 3.10017 5.66683 11.4002 15.6668 -4.99993 -3.22054 -13.7795 -11.5001 12.2362 134 20.4642 83
0 4 13 3.12698 5.29986 12.2046 16.5774 -5.28342 -3.40008 -15.8834 -12.2001 11.4719 109 9.65843 67
0 4 14 3.10094 5.09045 13.5001 15.5792 -5.29796 -3.20996 -15.7881 -13.5 20.3076 84 10.0471 48

0 5 0 4.101 9.70877 -1.20106 1.12364 -9.77429 -4.10164 -1.09934 1.0865 338.207 4409 106.134 1316
0 5 1 4.10014 9.63858 2.63636e-05 2.45905 -10.5275 -4.11152 -3.12752 0.08848 330.123 4496 74.4408 1536
0 5 2 3.81224 10.4 1.00068 5.09183 -11.3938 -4.10018 -5.19456 -1.00065 90.867 2449 27.0361 827
0 5 3 3.74961 9.89861 1.74961 6.89861 -9.55868 -4.20024 -5.79151 -2.13426 56.9783 1804 29.1369 571
0 5 4 4.10049 9.06241 3.10085 7.96241 -8.797 -4.10775 -8.19036 -3.10037 56.5443 1364 18.5602 443
0 5 5 4.20006 9.23601 4.16399 9.49975 -11.1178 -4.20042 -9.97344 -4.15644 39.3739 1058 8.25078 332
0 5 6 3.80217 10.0857 5.10108 13.4857 -8.25682 -4.03257 -10.5568 -5.33257 16.4375 866 13.73 303
0 5 7 4.20042 11.5339 6.20084 16.1339 -10.9322 -4.20023 -14.6849 -6.25343 9.21142 671 4.8273 274
0 5 8 4.01314 8.99364 7.1004 14.5817 -7.79507 -3.84982 -13.8907 -7.34544 12.8286 478 8.48093 219
0 5 9 4.20024 8.52748 8.22564 15.9524 -6.28674 -4.12574 -11.6614 -8.2002 8.76314 293 20.8566 156
0 5 10 4.2114 7.7514 9.4003 16.5406 -6.76659 -4.20017 -14.2666 -9.40017 9.49492 240 10.8093 135
0 5 11 4.1002 8.06114 10.1059 16.8666 -6.69575 -4.22075 -15.791 -10.116 5.86281 157 7.11965 100
0 5 12 4.20012 7.37674 11.3001 16.9767 -7.18094 -4.2001 -14.9809 -11.4001 5.21283 94 7.21376 77
0 5 13 4.22029 6.2998 12.2027 15.6822 -7.29967 -4.11067 -16.5891 -12.5001 11.3328 82 3.37423 44

0 6 0 5.10181 10.1612 -1.09614 1.09648 -10.2092 -5.30024 -1.09422 1.04153 196.244 2177 73.5388 771
0 6 1 5.10119 10.6122 0.000282738 2.20406 -9.55929 -5.19778 -2.07278 -0.0002385 195.553 2375 105.538 954
0 6 2 5.11232 10.6806 1.00166 3.87157 -9.96462 -5.20034 -3.46462 -1.00068 83.0394 1327 46.5974 547
0 6 3 5.10078 9.46686 2.00118 5.46686 -11.1821 -5.07634 -6.38209 -2.07634 62.2547 942 14.3401 377
0 6 4 5.03263 9.96088 3.10057 6.56498 -11.5563 -5.133 -8.25625 -3.133 40.2378 687 9.32906 307
0 6 5 5.04518 10.7997 4.10073 8.85571 -11.689 -5.14698 -10.589 -4.14698 21.3064 583 5.50499 232
0 6 6 5.01961 9.98886 5.11961 10.8889 -8.8557 -5.10022 -7.5557 -5.10022 18.2428 523 19.4112 179
0 6 7 5.15458 9.65883 6.20019 13.1052 -11.7792 -5.21445 -14.2651 -6.20009 12.3144 383 2.66315 141
0 6 8 5.2002 9.12204 7.17639 13.0976 -10.2691 -5.20016 -15.8769 -7.10813 13.5646 315 2.81228 125
0 6 9 5.15297 8.99973 8.23157 12.8781 -7.59991 -5.12772 -13.5994 -8.32744 11.9727 214 8.59333 112
0 6 10 5.2002 8.45941 9.24059 14.5996 -9.09288 -5.31513 -16.6998 -9.22203 9.38963 164 3.15055 89
0 6 11 2.32312 7.29187 10.2053 13.9741 -8.09886 -5.32161 -15.0936 -10.2164 6.67522 125 6.71818 91
0 6 12 1.20364 8.18089 10.1057 16.5829 -7.38144 -5.40006 -13.6996 -11.3184 2.01357 91 15.8961 75

0 7 0 6.19424 11.397 -1.09997 1.03521 -11.1837 -6.20039 -1.08368 0.899765 106.042 1178 47.5514 470
0 7 1 6.10181 11.2416 0.000301667 2.61387 -11.5451 -6.20078 -2.07253 -0.000313 107.792 1448 56.5261 626
0 7 2 6.03667 11.0414 0.866385 3.47113 -11.8173 -6.20042 -3.89582 -1.12366 59.9105 781 21.4501 334
0 7 3 6.20022 10.784 2.01999 5.28674 -11.2586 -6.11308 -5.24605 -2.20011 35.5946 533 13.9094 218
0 7 4 6.20055 10.2913 3.10032 7.39122 -10.4778 -6.20015 -6.19978 -3.1443 25.0097 439 13.6951 179
0 7 5 6.13353 11.7453 4.13353 9.14528 -11.1599 -6.3002 -7.59392 -4.13443 12.5513 353 9.63589 162
0 7 6 6.30501 11.9335 5.17078 10.1996 -8.49651 -6.23526 -7.76164 -5.30019 10.1042 286 27.8479 155
0 7 7 6.24778 11.9865 6.10031 11.5394 -10.8955 -6.022 -11.1738 -6.20013 7.8492 245 4.37312 106
0 7 8 6.20017 11.7493 7.15074 13.4995 -9.49874 -6.11974 -9.87921 -7.20007 5.81894 205 9.27888 84
0 7 9 6.21326 11.2743 8.20234 14.0633 -11.479 -6.20011 -13.579 -8.40011 5.25916 156 3.10918 85
0 7 10 1.51908 10.7831 8.40324 16.9672 -9.17822 -6.30011 -13.3993 -9.32134 1.81504 144 7.4977 88
0 7 11 6.30048 8.28848 10.0017 12.7777 -8.68655 -6.20379 -13.1998 -10.1171 17.3954 96 9.01525 69
0 7 12 6.30221 9.18521 11.3003 16.4833 -9.19989 -6.01114 -16.2983 -11.5096 4.55075 68 2.94693 45

0 8 0 7.12389 11.1401 -1.05866 0.999788 -9.85398 -7.13198 -1.09961 1.02278 88.9053 735 54.0059 312
0 8 1 7.21598 10.6877 0.000570625 2.09134 -11.5956 -7.10435 -2.29962 -0.0025375 125.781 913 42.1643 435
0 8 2 7.10042 10.1753 1.09828 3.27228 -10.8787 -7.24125 -3.38812 -0.650625 75.396 504 25.1063 250
0 8 3 7.2003 10.8104 2.10018 4.3104 -11.6937 -7.13549 -4.19986 -2.04133 45.3683 362 16.9731 167
0 8 4 7.10034 11.3322 3.20009 7.03219 -9.86782 -7.20008 -6.06782 -3.30016 16.896 274 17.607 130
0 8 5 7.20029 11.6426 4.0087 7.7507 -11.3943 -7.3245 -7.49425 -4.2245 13.9565 232 9.09291 121
0 8 6 7.40014 11.7594 5.1002 9.15941 -9.69626 -6.71826 -7.49989 -3.42178 9.26806 164 7.24601 88
0 8 7 7.00817 9.56517 6.10817 8.36517 -11.8971 -7.41636 -10.3971 -6.11636 29.8034 172 4.01439 77
0 8 8 7.20016 9.96782 7.40011 10.4678 -9.88564 -7.40004 -11.1987 -7.4132 15.3114 130 6.16413 58
0 8 9 7.3033 9.3733 8.0297 10.3999 -9.49886 -7.21511 -10.5839 -8.30008 24.458 120 12.4624 65
0 8 10 7.30007 9.87971 9.50004 13.4797 -9.8994 -7.4094 -11.4901 -9.50005 7.98746 82 8.07229 40
0 8 11 7.40008 11.4832 10.4003 16.2833 -9.69851 -7.31001 -13.0886 -10.4001 2.83088 68 7.1633 46

0 9 0 8.40058 11.1859 -1.08041 1.00434 -10.5735 -8.40013 -1.04918 0.997325 79.3909 461 48.1134 214
0 9 1 8.30074 11.153 0.009504 2.09984 -11.6945 -8.17347 -2.07669 -0.016195 99.6287 594 43.556 316
0 9 2 8.10243 11.9214 1.1002 3.17327 -11.9921 -8.33608 -3.7582 -1.0022 40.9244 324 17.4674 176
0 9 3 8.30022 11.0352 2.10016 4.23516 -10.7975 -8.32502 -4.09697 -2.12448 44.8702 262 22.5548 110
0 9 4 8.30009 10.5537 3.10023 5.35372 -10.9819 -8.20009 -4.99909 -3.11734 36.8219 187 13.9453 73
0 9 5 8.2152 11.0752 4.1312 6.4912 -11.5973 -8.11784 -6.4797 -4.2001 23.7051 160 10.338 82
0 9 6 8.20275 10.7883 5.12088 8.29188 -10.4985 -8.11224 -7.29959 -5.11334 14.1487 116 10.5426 55
0 9 7 8.109 10.884 6.22475 8.29988 -10.4874 -8.30006 -8.69949 -6.21224 17.3657 100 9.37432 51
0 9 8 8.30012 11.3757 7.30171 10.2895 -11.4999 -8.21163 -10.4999 -7.41163 10.6647 98 4.62829 47
0 9 9 8.10785 10.3896 8.21807 10.2999 -10.2968 -8.20753 -10.3999 -8.11064 15.3674 73 8.99031 43

0 10 0 9.20018 11.7644 -1.02872 0.99964 -11.997 -9.53496 -0.899905 0.98119 55.3731 288 32.8205 152
0 10 1 9.20889 11.9101 0.0488813 1.99984 -11.9972 -9.35415 -2.07178 -0.00019 74.9524 395 41.6421 228
0 10 2 9.24602 11.987 1.10015 3.0708 -11.8651 -9.30018 -3.19982 -1.1349 43.6912 236 26.6219 141
0 10 3 9.44207 11.7998 2.20021 4.45792 -11.6998 -9.42227 -4.19572 -2.21823 31.9367 170 19.9833 90
0 10 4 9.20011 11.9673 3.10495 5.17195 -11.6996 -9.20876 -5.19909 -3.11734 23.0776 132 14.078 73
0 10 5 9.30106 11.4859 4.00575 6.4755 -11.2983 -9.30978 -5.99172 -4.30322 22.4236 121 13.7003 46
0 10 6 9.20009 11.5819 5.20009 7.38193 -11.2 -9.21262 -7.28738 -5.40006 14.0471 73 13.5974 51
0 10 7 9.01782 11.4 6.31782 8.49991 -11.1983 -9.10977 -8.19851 -6.21 13.8514 72 11.0764 46
0 10 8 9.20785 11.7896 7.20073 10.2825 -11.2997 -9.20946 -9.39971 -7.30946 9.17511 73 8.92623 39


1 0 0 -0.846922 1.59862 0.000494872 1.24327 -0.89815 1.56538 -1.24139 -0.000510651 97630.6 296725 96686.8 295565
1 0 1 -0.86194 1.39961 0.100814 1.95062 -0.871739 1.39928 -1.94874 -0.10068 54370.5 227455 54050.6 226849
1 0 2 -1.09957 1.17881 0.585312 3.86656 -1.09945 1.09969 -3.51594 -0.589522 652.092 4875 758.748 4883
1 0 3 -1.09951 1.00571 2.10065 4.40571 -1.18853 1.05722 -4.49679 -2.10052 161.767 785 154.978 834
1 0 4 -0.945302 0.999724 3.20018 5.5453 -0.999819 1.14629 -5.48155 -3.23581 48.4509 221 45.0242 217
1 0 5 -0.98702 0.89098 4.20528 6.28328 -0.87921 0.999895 -6.19769 -4.01869 22.5497 88 20.515 84

1 1 0 0.300327 2.2031 -1.10173 1.19114 -4.03819 -0.200159 -1.901 1.924 195435 852646 756.107 11100
1 1 1 0.14052 2.09994 0.0971177 1.99497 -2.66114 0.704885 -2.69803 0.186998 210462 782643 1774.78 17235
1 1 2 -0.000709375 2.38736 0.501201 3.39838 -2.36505 0.0991037 -3.93118 -1.0037 1350.7 9345 914.225 6595
1 1 3 0.000248125 2.35487 2.07453 4.88228 -2.33843 0.0888175 -5.53098 -2.00186 237.325 1569 174.059 1491
1 1 4 0.0003675 2.59085 3.10165 7.29653 -2.09938 -0.000207 -7.48034 -3.08383 40.5825 441 44.8584 414
1 1 5 0.04158 2.09986 4.10462 9.06262 -1.98372 -0.0045925 -6.49374 -4.23549 16.4626 168 37.3655 167
1 1 6 0.100594 2.08872 5.40006 7.27649 -1.89994 0.0819325 -9.39909 -5.41734 25.4653 95 9.25067 73

1 2 0 0.597721 3.87165 -1.19628 1.19971 -4.99481 -1.06634 -1.24997 1.20039 2989.82 23453 768.011 7393
1 2 1 0.576753 3.79852 -0.00114313 2.32184 -3.666 -1.00371 -2.33316 0.0014975 4350.68 32561 1431.41 8897
1 2 2 0.656631 4.09576 0.50458 3.696 -3.66438 -1.0019 -3.48424 -1.10031 518.146 5687 599.955 3808
1 2 3 1.0012 3.74459 2.1012 6.84459 -4.25001 -1.00101 -6.50609 -2.00909 110.351 1436 82.9525 1212
1 2 4 1.01337 3.39187 3.01337 5.49187 -7.79762 -1.07687 -15.8215 -3.10026 82.4412 486 3.70775 317
1 2 5 1.20016 3.65273 4.20024 10.5527 -2.99983 -0.833907 -6.29486 -4.21199 12.2594 191 30.3679 137
1 2 6 1.20012 2.97649 5.12114 9.79739 -2.69992 -1.01534 -7.39923 -5.21473 11.4365 95 16.848 62

1 3 0 2.10087 7.0887 -1.19187 1.19907 -6.42669 -2.10113 -1.10312 1.10312 523.246 6240 411.285 3925
1 3 1 2.00496 6.78735 0.000252885 2.28121 -5.39886 -1.49058 -2.29977 0.0180467 855.301 9330 571.385 5176
1 3 2 2.10186 6.0899 1.00186 3.6798 -4.6952 -2.10088 -3.35779 -1.10047 348.137 3718 420.579 2463
1 3 3 2.10103 4.89409 2.00103 5.49409 -5.48968 -2.03143 -5.56067 -2.10048 126.687 1236 80.8111 967
1 3 4 2.20012 4.48937 3.01063 6.79888 -4.61733 -2.10028 -5.63487 -3.01837 51.5439 447 50.7146 334
1 3 5 2.11665 4.6704 4.10023 6.25421 -4.57543 -2.10693 -6.49465 -4.22614 33.6319 185 22.5008 126
1 3 6 2.2109 4.18865 5.40145 7.59032 -4.29944 -2.21819 -7.49963 -5.21838 20.5588 89 15.7966 75

1 4 0 3.10384 8.13993 -1.16168 1.18241 -7.15971 -3.10136 -1.13082 1.14631 260.144 3071 236.221 2183
1 4 1 3.1009 7.81924 -0.00027375 2.2877 -8.63547 -3.10257 -2.22563 -1.15441e-05 434.721 4693 250.85 3089
1 4 2 3.10057 8.29893 1.00076 4.33368 -6.41881 -3.12006 -3.33425 -1.10067 139.677 2420 217.833 1605
1 4 3 3.20029 9.76735 2.00117 7.26735 -6.82428 -3.10089 -5.36155 -2.13905 27.1808 940 59.1735 710
1 4 4 3.08638 6.89913 3.10044 5.51362 -9.94233 -3.20019 -8.14233 -3.10019 37.9312 349 6.85399 233
1 4 5 3.20151 5.18476 4.21441 6.2809 -5.27055 -3.20015 -6.19993 -4.11473 32.6958 134 27.5642 119
1 4 6 3.21627 8.29877 5.10017 13.9827 -5.19796 -3.01071 -7.59885 -5.3116 1.55055 70 10.1943 51

1 5 0 4.16725 9.59083 -1.18474 1.10127 -7.00137 -4.24462 -1.10046 1.08528 138.486 1717 227.864 1373
1 5 1 4.10133 9.74239 0.000276771 2.24848 -9.9149 -4.0049 -2.30745 -0.000544444 209.505 2657 143.76 1960
1 5 2 4.00405 8.5993 1.10024 3.3993 -8.3223 -4.1014 -3.21115 -1.00093 153.245 1619 120.269 1122
1 5 3 4.02486 7.63361 2.10038 5.41066 -6.59998 -4.22822 -4.59806 -2.11218 64.0383 765 87.0094 513
1 5 4 4.07227 9.99927 3.10036 7.12773 -9.89374 -4.03549 -7.55867 -3.10021 12.2328 292 6.39387 167
1 5 5 4.20407 6.56707 4.20018 6.76337 -6.87896 -4.40004 -6.99639 -4.01764 24.4353 148 11.5112 85
1 5 6 4.30017 6.28292 5.20017 7.68292 -5.98515 -4.30008 -7.48515 -5.30008 14.0168 69 16.2954 60

1 6 0 5.14135 10.3991 -1.38419 1.04419 -10.7587 -5.15495 -1.12935 1.2744 76.2081 973 58.2776 785
1 6 1 5.20084 9.28544 3.84615e-05 2.22725 -10.2061 -5.10909 -2.10003 -0.000432857 184.121 1675 113.254 1212
1 6 2 5.00137 10.4287 1.1002 3.44291 -8.72322 -5.10547 -3.26161 -1.00273 86.1988 1096 89.2065 729
1 6 3 5.20026 7.68491 2.09994 4.28422 -11.6837 -5.26966 -6.31486 -2.20043 96.9199 526 13.0353 344
1 6 4 5.11816 9.96141 3.03235 6.1756 -7.49821 -5.23396 -5.3832 -3.11895 14.9111 227 27.8925 143
1 6 5 5.11147 10.3777 4.30017 7.26659 -7.19772 -5.31523 -6.38268 -4.30004 8.64171 135 17.8546 70
1 6 6 5.30117 7.58442 5.30004 7.38342 -7.29974 -5.60849 -6.99996 -5.30866 14.0849 67 12.236 35

1 7 0 6.27942 10.2995 -1.05939 1.00073 -8.99734 -6.21534 -1.0999 1.09115 87.1798 722 77.4342 472
1 7 1 6.20025 11.5176 0.000442917 2.23691 -10.1484 -6.24788 -2.15125 -0.000399 89.387 1063 95.1202 798
1 7 2 6.10092 9.91784 1.09936 3.15768 -8.77674 -6.10062 -3.19958 -1.11183 93.6811 736 89.1343 498
1 7 3 6.16764 9.37864 2.10045 5.11189 -8.49984 -6.23069 -4.26342 -2.02542 36.8158 356 48.8346 248
1 7 4 6.00723 10.9647 3.20014 6.25793 -10.6962 -6.32566 -5.19838 -3.21313 11.2145 170 13.5999 118
1 7 5 6.30425 8.47925 4.20008 6.37525 -7.98292 -6.20009 -6.19983 -4.21708 21.1372 100 19.5195 69

1 8 0 7.20057 10.8876 -1.03531 1.0512 -11.4896 -7.25886 -0.899862 0.982861 59.0142 454 34.7757 277
1 8 1 7.20093 9.9166 0.000231563 2.1583 -9.79975 -7.2335 -2.09184 -0.100134 126.437 741 104.868 536
1 8 2 7.30063 9.87576 0.9251 3.09993 -10.7848 -7.37408 -3.2997 -1.08836 89.6353 502 47.3328 357
1 8 3 7.22055 10.852 2.06782 5.19932 -11.8872 -7.12975 -4.85792 -2.20021 24.0942 274 13.445 170
1 8 4 7.03564 9.79982 3.01368 5.17768 -9.79363 -6.21813 -5.07575 -3.20006 24.0735 144 14.6127 98
1 8 5 7.50005 11.1797 4.2001 6.8797 -9.29997 -7.21138 -6.09172 -4.30322 8.31642 82 12.3145 46

1 9 0 8.26856 10.9998 -1.09977 0.977148 -10.9998 -8.349 -0.883665 0.899876 48.8321 277 41.8807 198
1 9 1 8.3721 11.0456 0.00031625 2.13738 -11.989 -8.37352 -2.09983 -0.083655 88.563 506 46.3682 338
1 9 2 8.20599 11.1205 1.10299 3.16024 -10.8997 -8.16163 -3.23837 -1.10016 57.0394 342 42.5309 249
1 9 3 8.14727 10.5998 2.20016 4.15273 -11.6997 -8.22673 -4.08677 -2.11377 39.8847 191 15.7613 108
1 9 4 8.30015 10.9708 3.20501 5.19027 -10.7996 -8.41431 -5.1854 -3.20007 22.2562 118 12.4591 59
1 9 5 8.40016 10.6844 4.31559 6.09992 -10.3941 -8.4041 -5.9981 -4.1081 15.4569 63 10.6352 40

1 10 0 9.10236 11.9551 -0.976611 0.999843 -11.6997 -9.33119 -0.999895 0.968815 33.5206 189 27.0219 126
1 10 1 9.18415 11.6996 0.08415 2.09979 -11.6984 -9.55262 -2.08155 -0.035805 67.0587 340 49.4343 217
1 10 2 9.20181 11.9416 1.10007 3.08509 -11.8937 -9.33549 -3.09979 -1.04133 44.314 241 31.7126 167
1 10 3 9.32945 11.5999 2.11071 3.98096 -11.6994 -9.32086 -4.27872 -2.20011 28.025 119 17.3949 86
1 10 4 9.31906 11.5999 3.21906 5.0999 -11.2983 -9.40977 -5.08861 -3.10006 17.949 77 12.2491 46


