0 0 0 -2.40432 5.89192 0 8.22779 -2.17393 5.42781 -8.14956 0 2672.83 182446 2935.51 181857
0 0 1 -1.0734 1.70036 0.000501379 8.23629 -1.10236 1.71609 -8.50565 -0.000501297 10710.6 244673 10188.5 244232
0 0 2 -0.999672 1.64809 0.998874 10.1438 -0.998755 1.67252 -9.98165 -0.895021 5807.3 140615 5772.79 140122
0 0 3 -0.962619 1.69826 1.80262 12.0407 -0.984297 1.69925 -12.1732 -2.00515 3353.84 91366 3347.36 91338
0 0 4 -0.929624 1.69896 3.10069 12.7989 -0.998824 1.62374 -12.5379 -3.09672 2324.69 59262 2408.99 59647
0 0 5 -0.97803 1.5997 4.10608 14.3088 -0.907299 1.69829 -14.1266 -4.09805 1458.64 38362 1481.38 38709
0 0 6 -0.967277 1.5513 4.98516 15.01 -0.902013 1.54824 -15.0991 -5.23036 940.339 23742 967.994 23407
0 0 7 -1.00008 1.44974 6.12811 16.194 -0.998369 1.5188 -15.9659 -6.10927 600.536 14809 601.395 14921
0 0 8 -0.965783 1.3997 6.8027 16.3894 -0.999563 1.34572 -16.4965 -7.14584 408.516 9264 428.272 9392
0 0 9 -0.895441 1.29985 8.20351 16.4618 -0.999207 1.32963 -16.4861 -8.24999 342.484 6209 318.603 6111
0 0 10 -0.899756 1.19791 9.30097 16.7708 -0.786858 1.19965 -16.6709 -8.64017 260.765 4086 243.025 3877
0 0 11 -0.799978 1.11098 9.4072 16.7399 -0.864073 1.09981 -16.4834 -10.0011 190.472 2669 194.414 2475
0 0 12 -0.856074 1.09973 7.66812 16.7886 -0.89963 1.21742 -16.6982 -9.06333 85.0997 1518 90.8227 1468
0 0 13 -0.89093 1.09966 9.40346 16.9937 -0.848067 1.0836 -16.799 -9.60295 55.5295 839 58.9914 820
0 0 14 -0.884063 1.00969 12.1005 16.6948 -0.848644 0.999948 -16.945 -12.5488 48.8482 425 51.0651 415
0 0 15 -0.774631 0.999872 5.20974 16.9585 -0.875374 0.999929 -16.8726 -9.92239 9.83299 205 15.268 199

0 1 0 0.200426 2.68064 -1.99807 1.92739 -4.61706 0.199951 -2.59285 2.75771 61458.3 598357 1483.92 38246
0 1 1 0.0018328 2.39805 -0.706036 4.72742 -4.03167 2.12167 -6.89929 0.994167 81779.1 1064743 868.007 42160
0 1 2 0.0776178 2.29971 0.912545 7.6271 -2.69994 1.63222 -8.58245 -0.0908525 48196.7 719113 646.179 23771
0 1 3 0.0506866 2.20108 2.05282 10.2919 -2.39979 1.67371 -10.5541 -0.400735 28615.6 506993 409.455 16935
0 1 4 0.100234 2.19236 3.09529 11.4648 -2.29449 1.45598 -11.7226 -1.40361 20152.3 352869 304.567 11787
0 1 5 0.0985297 2.15483 4.08983 13.2761 -2.50877 1.30473 -14.2166 -1.80208 12651.4 238982 166.699 7892
0 1 6 0.092608 2.09986 4.75269 13.9951 -2.49893 1.39409 -14.7989 -2.61874 8401.25 155858 103.084 4888
0 1 7 0.097998 2.09918 5.75026 15.0965 -2.71309 1.19927 -16.499 -2.8874 5490.42 102691 58.3435 3107
0 1 8 0.0996247 2.06314 6.51114 15.4996 -2.14609 1.09847 -16.3862 -4.74474 3833.94 67665 48.5551 1834
0 1 9 0.100449 2.00942 7.1397 16.0019 -2.31215 1.09962 -16.9451 -1.03409 2678.97 45322 21.2952 1156
0 1 10 0.10078 1.96399 8.34548 16.2945 -2.19911 1.22353 -16.9804 -2.05864 2082.06 30837 13.9607 713
0 1 11 0.100215 2.00065 8.79968 16.951 -2.0833 1.09933 -16.2666 -3.90135 1264.07 19582 13.6962 539
0 1 12 0.0995703 1.98267 9.20577 16.9133 -2.09956 1.61362 -16.9965 -4.38376 796.679 11563 7.45193 349
0 1 13 0.0996293 2.03127 9.05974 16.9729 -2.04728 0.799823 -16.7984 -5.15165 404.895 6189 6.42349 213
0 1 14 0.100405 1.98394 9.34151 16.8985 -1.99982 1.26411 -16.5998 -8.23589 210.484 2996 5.31149 145
0 1 15 0.128464 1.98671 6.922 16.9992 -1.79989 9.07748 -16.9999 -3.22252 69.4758 1301 0.607228 91

0 2 0 0.267553 5.27966 -1.28035 1.29999 -6.02732 -0.00355813 -1.29812 1.6543 7030.27 90922 640.214 11386
0 2 1 0.29653 3.9706 -1.30142 2.70267 -7.3046 1.42615 -4.79169 1.25569 10384.5 152770 217.375 11477
0 2 2 0.423714 3.49929 0.0974554 4.19315 -7.32955 1.69979 -9.08202 0.476232 9938.22 125188 71.4561 6167
0 2 3 0.421864 3.40304 0.739828 5.90994 -5.1828 1.96545 -9.87961 -0.00548625 6659.05 102636 65.2709 4607
0 2 4 0.498884 3.3325 1.67556 7.39224 -4.68087 1.43788 -11.3999 -0.581125 4862.32 78764 52.1168 3450
0 2 5 0.453768 3.29741 2.62176 10.3881 -5.24237 1.80387 -12.9983 -0.650362 2516.36 55573 30.0552 2615
0 2 6 0.401048 3.24156 3.06622 10.8639 -4.71764 1.19959 -15.0532 -2.03716 1662.71 36828 25.1368 1936
0 2 7 0.416032 3.19861 3.59492 13.1956 -4.1913 1.0986 -15.8972 -2.2087 929.41 24829 17.2074 1246
0 2 8 0.407169 3.18775 3.80389 13.767 -3.59979 0.99164 -16.9979 -4.30691 599.572 16610 14.3471 836
0 2 9 0.49988 3.12708 4.7996 15.2216 -3.47584 0.99616 -16.2757 -5.10368 417.228 11424 10.248 512
0 2 10 0.401131 3.02372 5.74073 16.0977 -3.48432 1.22343 -16.7456 -4.23782 301.19 8181 6.26663 369
0 2 11 0.600653 3.09331 5.40359 16.0532 -3.69164 1.05261 -16.8994 -4.85519 204.025 5416 3.90263 223
0 2 12 0.378973 3.02364 6.50179 16.2697 -3.09422 0.867275 -16.8935 -5.33195 134.093 3464 3.36238 154
0 2 13 0.532325 3.09905 6.50194 16.6364 -2.99991 0.872033 -16.6999 -7.62797 71.889 1870 3.21701 113
0 2 14 0.435575 3.08908 6.14403 16.7988 -3.19193 1.88682 -16.5985 -1.41976 34.8751 986 1.10262 85
0 2 15 0.318552 2.9994 7.21855 16.7996 -2.59996 1.28391 -16.9998 -5.01609 18.6488 479 1.39655 65

0 3 0 0.377784 7.79433 -1.29631 1.22282 -8.12066 -0.00595625 -1.28306 1.32131 1335.85 24958 225.469 4765
0 3 1 -0.175688 6.9264 -1.49848 3.08878 -7.77807 0.452682 -3.89729 0.633457 895.513 29175 136.144 5077
0 3 2 0.10069 6.17845 -1.19367 4.89451 -8.53398 1.89327 -8.02999 1.49726 502.371 18589 27.088 2691
0 3 3 0.159782 5.69827 -0.59441 6.89234 -7.72029 1.29873 -9.58299 -0.0652375 330.542 13706 22.4718 1929
0 3 4 -0.06771 5.25129 0.69039 9.59993 -6.73432 1.39834 -10.1421 0.68893 217.853 10324 16.7566 1476
0 3 5 0.202249 5.46537 1.42525 10.2992 -7.99582 1.59846 -12.4958 -1.10307 152.298 7113 11.2437 1229
0 3 6 0.14108 4.89654 0.61812 11.3701 -5.86883 1.49767 -12.0688 -1.10233 89.809 4592 11.5616 934
0 3 7 -0.15115 5.6046 1.86468 15.1204 -6.89084 1.31765 -16.3464 -0.73788 39.0187 2977 5.97866 766
0 3 8 0.1631 5.29855 2.10019 14.9344 -6.29782 1.07118 -16.883 -1.21397 28.2813 1864 4.53818 524
0 3 9 0.43305 5.08205 2.30134 15.8007 -4.18699 0.826262 -12.4905 0.522793 19.2484 1208 5.31893 347
0 3 10 0.224863 4.93361 2.98934 16.699 -5.26623 1.37452 -16.7982 -5.15747 11.8503 765 3.06585 237
0 3 11 0.212125 5.06838 3.01213 16.8684 -5.1976 0.8544 -15.7755 -4.52352 8.54518 575 2.8195 192
0 3 12 0.0156825 4.32343 0.0415125 16.9493 -4.09985 0.970052 -14.7997 -2.92995 5.06629 369 2.01069 121
0 3 13 0.05513 4.78063 2.80373 16.5292 -3.9977 0.789545 -14.699 -1.62448 4.59452 298 1.62963 102
0 3 14 0.605168 4.06542 2.80437 16.9646 -3.79996 0.882428 -16.7998 -8.91757 3.24503 159 1.92372 71
0 3 15 -0.198588 4.07316 2.30198 16.7737 -4.0955 -2.30399 -16.8916 -14.7 1.8279 113 8.65983 34

0 4 0 0.566215 9.19172 -1.19915 1.23858 -9.5934 -0.2894 -1.40928 1.09912 451.713 9498 102.15 2384
0 4 1 0.20076 8.4544 -1.10505 2.73163 -9.69441 0.24034 -3.77424 0.86051 327.79 10380 57.7912 2661
0 4 2 -0.284772 8.39248 -1.88477 4.89248 -9.15028 1.39823 -6.26685 0.679895 103.575 6091 19.2828 1413
0 4 3 -0.195888 7.32597 -1.02684 7.19091 -9.84013 1.49913 -10.2559 0.481625 70.0341 4329 8.62386 1050
0 4 4 -0.296373 8.04076 -0.952695 8.2808 -8.29581 1.19897 -9.19994 1.49381 45.0242 3466 8.12529 825
0 4 5 0.313845 7.07335 0.321695 9.8812 -8.97363 1.38112 -10.7736 -0.818883 39.6487 2562 5.63646 581
0 4 6 -0.04304 6.56646 1.3015 10.8125 -9.19566 1.36334 -15.1789 -0.61985 31.2107 1962 3.66881 564
0 4 7 0.200408 8.09531 1.80102 14.3976 -6.4996 1.0958 -12.4971 -1.6021 12.2878 1222 5.07541 420
0 4 8 0.10914 8.39514 2.50914 15.5951 -7.42055 0.999599 -14.188 -1.26821 7.89445 856 2.95074 321
0 4 9 0.300736 5.85422 1.31191 15.3647 -6.33491 0.599671 -14.0803 -1.34602 7.54724 589 2.97826 263
0 4 10 -0.102485 5.29951 1.61083 14.7123 -5.35273 0.899522 -15.0527 -2.60048 5.567 394 2.45329 191
0 4 11 -0.08691 5.83609 0.01463 15.3376 -6.39746 0.666287 -16.3975 -5.23371 3.39364 308 1.83875 145
0 4 12 0.21593 7.37168 1.70398 15.6597 -4.99992 0.776982 -13.7984 -6.92162 1.77241 177 2.34102 93
0 4 13 0.0334125 5.29983 1.61012 16.5764 -5.29685 0.884645 -15.8994 -6.21795 1.71279 135 1.2365 74
0 4 14 0.624255 5.09988 2.40073 15.5762 -5.29906 1.58745 -15.7999 -2.01337 1.6619 98 0.568776 54

0 5 0 0.31113 9.49813 -1.19989 1.1776 -9.98624 -0.62024 -1.1499 1.1161 203.827 4452 62.9495 1336
0 5 1 0.399493 9.67616 -1.44885 2.78065 -10.5882 0.012055 -3.44803 0.352217 119.33 4682 39.6936 1599
0 5 2 0.345237 10.399 -0.75715 5.7983 -11.3629 0.31906 -5.38446 0.19754 39.222 2585 13.3724 872
0 5 3 -0.1456 10.5719 -1.12015 7.49867 -9.59342 1.25433 -6.05232 0.595433 20.8937 1930 8.44506 609
0 5 4 0.33239 9.86464 -0.737482 7.99477 -10.0862 2.09401 -8.58624 0.494013 17.6722 1471 4.33093 479
0 5 5 -0.350233 9.25702 0.111245 10.1185 -11.1097 1.39954 -10.7781 -0.76935 12.1799 1171 2.9153 365
0 5 6 0.32667 10.5877 0.13585 13.4969 -8.21981 1.4996 -10.5976 -1.97857 6.97315 956 3.86766 324
0 5 7 0.07575 11.7907 0.67575 16.4907 -10.9935 1.53425 -14.6935 -1.76575 3.99411 740 1.78444 289
0 5 8 0.324075 8.99032 0.716362 14.7826 -7.77072 1.46953 -13.8444 0.595818 4.38878 535 1.79118 239
0 5 9 0.416292 8.53054 0.748878 15.9631 -6.27433 0.882165 -11.6743 -4.11784 2.7784 343 3.21757 174
0 5 10 0.207508 7.73926 0.811602 16.5434 -6.76411 0.999819 -14.2967 -5.13299 2.30404 273 2.03804 145
0 5 11 0.600092 8.05471 0.0077775 16.862 -6.69974 -2.22549 -15.7961 -7.12189 1.45652 183 2.6539 103
0 5 12 0.20513 7.37813 0.10189 16.9749 -7.19811 1.08089 -14.9996 -5.52058 0.892341 108 1.07038 84
0 5 13 0.501925 6.27443 3.00082 15.6733 -7.29987 0.88713 -16.5996 -1.71261 1.50372 110 0.42665 52
0 5 14 0.600375 5.98163 1.70563 16.1869 -5.99995 -1.01089 -15.3997 -12.1107 0.962437 75 2.68146 44

0 6 0 1.42538 10.7739 -1.10073 1.11568 -10.2994 -4.79336 -1.09157 1.07693 106.467 2206 65.1596 778
0 6 1 0.602403 10.6883 -0.588305 2.5976 -9.55368 -1.50168 -2.09982 0.65288 76.7442 2466 44.7557 992
0 6 2 0.35325 10.3982 -1.1722 4.0728 -10.6756 0.68141 -3.98999 0.56701 26.9521 1420 11.0523 572
0 6 3 0.33795 9.48495 -1.0482 6.0994 -10.4993 1.39898 -7.58474 -0.886487 15.479 1012 5.10681 407
0 6 4 0.1276 10.0436 0.3006 7.5172 -11.5874 1.22839 -9.48736 -0.371612 10.2851 736 2.88465 337
0 6 5 0.403944 10.7751 -0.292112 8.85014 -11.6919 4.94562 -10.5919 -0.554375 6.65504 631 1.49702 250
0 6 6 0.600704 9.96066 0.822452 11.3817 -8.85198 1.09976 -10.2947 -1.64316 5.69642 563 2.25326 194
0 6 7 0.700538 7.59358 0.701075 9.99358 -11.797 -1.53496 -14.2928 -2.13078 6.71313 430 1.21789 152
0 6 8 0.73195 9.1432 0.23195 14.2432 -10.282 1.18402 -15.882 -1.61598 3.01225 355 0.831428 136
0 6 9 0.159647 8.9997 1.40181 12.8416 -7.59989 1.06758 -13.5957 -0.928492 2.38312 241 1.19315 131
0 6 10 -0.09184 8.45716 1.50816 14.5572 -9.09951 0.676235 -16.6998 -3.32401 1.82868 204 0.741829 97
0 6 11 0.103822 7.26907 0.30834 13.9736 -8.09103 -0.215277 -15.0995 0.276235 1.4196 139 0.80102 97
0 6 12 0.600136 8.17302 4.70463 16.5774 -7.39981 -3.91881 -13.6856 -0.80456 1.21231 109 1.69496 76
0 6 13 0.90016 10.3842 -0.09984 16.2842 -7.79988 1.48837 -15.4999 -8.11163 0.411878 64 0.684892 47

0 7 0 1.39585 11.3996 -1.09978 1.03472 -11.1872 -0.105938 -1.58219 0.899813 55.5899 1187 17.2704 475
0 7 1 0.500929 11.3246 -0.734067 2.88868 -11.9821 -5.54462 -2.43825 0.399625 38.4836 1509 35.5797 650
0 7 2 0.50557 10.2986 -1.29379 3.29921 -11.8886 -0.276343 -4.28859 -0.176343 18.4085 828 7.3504 351
0 7 3 0.50906 11.8656 -1.37274 5.38377 -11.2793 0.5632 -11.8793 -1.2368 7.48076 574 1.82491 230
0 7 4 0.210073 11.1508 -0.999407 6.98269 -10.4998 1.55124 -6.49458 -0.243832 5.42768 474 2.61524 197
0 7 5 0.410477 11.7152 -0.789523 9.11523 -11.1996 1.65693 -7.59978 -1.24306 3.40268 381 2.12909 174
0 7 6 0.314582 11.9378 0.907291 10.1689 -10.6937 0.464512 -16.1962 -0.637993 2.85183 307 0.961966 167
0 7 7 0.32881 11.9618 1.22881 11.5618 -10.8986 1.67245 -11.1986 -1.82755 2.22955 268 0.984696 116
0 7 8 0.9319 11.7739 -0.6681 13.4739 -9.47698 0.699884 -9.89884 -1.12209 1.5131 232 1.0412 93
0 7 9 -0.197008 11.2602 -0.197008 14.0602 -11.4993 0.37769 -13.5993 -0.82231 1.04684 171 0.606251 92
0 7 10 0.700397 10.7606 4.6002 16.9606 -9.19952 0.976235 -13.391 -5.41528 1.27866 159 1.19518 97
0 7 11 0.702475 9.37498 0.802475 13.975 -8.69215 0.589598 -13.1996 -4.81788 0.962898 110 0.938336 73
0 7 12 0.100212 9.17896 2.71381 16.4926 -9.19584 0.191915 -16.2998 -3.81201 0.67949 85 0.417975 49
0 7 13 -2.09984 8.18416 1.80016 14.7842 -8.19989 1.28886 -15.1999 -2.41114 0.479302 64 0.370831 45

0 8 0 4.24117 11.6554 -1.05728 0.999939 -10.3866 -2.46536 -1.09961 1.02204 48.7126 743 18.7432 315
0 8 1 0.20933 10.6761 -0.567047 2.19985 -11.8899 -2.00215 -2.29629 -0.000374167 32.2164 933 19.7785 449
0 8 2 0.702375 10.2711 -0.408125 3.26062 -10.8561 0.57936 -3.44002 -0.404515 14.955 525 7.43249 258
0 8 3 0.7308 10.8345 -0.5692 4.33455 -11.6982 0.55752 -8.19823 0.55752 7.77051 385 1.64945 177
0 8 4 0.205268 11.33 -2.2714 7.65335 -9.89859 0.16616 -6.09824 -0.233488 2.72619 301 2.38873 141
0 8 5 0.508093 11.6458 -1.09191 7.74584 -11.37 0.797742 -7.49484 0.67291 2.52965 249 1.29801 129
0 8 6 0.700224 11.7557 1.0085 9.16375 -9.69881 0.577438 -7.49988 0.0764875 1.98536 179 1.22019 95
0 8 7 0.411765 9.56651 1.21177 8.46651 -11.879 0.699894 -10.3945 -2.41572 2.72527 181 0.846921 85
0 8 8 0.601862 9.96461 2.00186 10.4646 -9.89934 1.18416 -11.1975 -2.81402 1.88049 149 0.7103 66
0 8 9 -0.09802 10.869 1.80198 13.669 -9.49833 -7.21508 -10.5834 -8.30008 1.01425 132 12.8514 67
0 8 10 0.50168 9.87768 0.60168 13.4777 -9.89828 1.19023 -13.7999 -4.91139 0.795193 96 0.46672 46
0 8 11 0.8006 11.4806 2.4006 16.2806 -9.69584 0.491915 -13.0958 -1.80808 0.539671 80 0.426099 49

0 9 0 0.901137 11.5849 -1.06047 1.02328 -10.5736 -8.40013 -1.06858 0.978167 20.8874 465 47.8799 213
0 9 1 0.62295 11.1699 -1.14798 2.0998 -11.6188 -1.00082 -2.09973 0.21882 17.8663 612 13.3234 328
0 9 2 1.00251 11.9188 0.182912 3.19972 -11.9882 0.366515 -5.67602 -0.321267 10.1724 335 2.73593 181
0 9 3 0.303525 11.033 -1.08942 4.24008 -10.7997 0.0710425 -4.19503 -0.224277 4.93155 282 2.71053 117
0 9 4 -0.849262 10.5995 -2.09641 5.35234 -10.9883 0.291903 -4.99862 -0.618367 2.40388 205 1.59886 79
0 9 5 0.803982 11.0597 0.71593 6.47168 -11.5936 1.38362 -6.48271 -0.10546 2.9985 177 1.09958 91
0 9 6 0.60016 10.7842 0.21824 8.28624 -10.4995 0.784965 -7.29891 -1.31441 1.55785 128 0.918082 62
0 9 7 0.702475 10.875 -0.472775 8.29986 -10.4994 0.68632 -8.699 -1.01325 1.23264 110 0.663015 57
0 9 8 2.20078 11.3748 4.82574 10.2999 -11.4953 0.99168 -10.4999 -2.01287 2.0709 104 0.490672 52
0 9 9 0.300207 10.3795 1.02054 10.2999 -10.2993 -2.31081 -10.3999 -4.91139 0.887423 83 1.04914 46

0 10 0 0.772765 11.7996 -1.02724 0.999632 -11.9972 -1.63673 -0.899901 0.980447 13.1544 294 8.11032 158
0 10 1 1.70148 11.999 -0.69795 1.99993 -11.9774 -1.93689 -2.0997 0.041095 14.7581 410 11.0725 238
0 10 2 0.20567 11.9427 -0.89433 12.7427 -11.8982 -5.43468 -3.19982 -0.736135 1.57443 252 9.16854 146
0 10 3 0.54356 11.7998 -1.46744 4.48856 -11.677 -9.40012 -4.19209 -2.21534 2.62522 176 20.663 93
0 10 4 0.70141 11.9662 1.00018 5.1651 -11.6999 0.780695 -5.19746 -0.016965 3.00532 141 1.20639 78
0 10 5 1.73118 11.4998 2.00284 6.47133 -11.2953 1.89168 -5.99857 -2.61157 2.88652 126 1.16424 52
0 10 6 1.0006 11.5806 -1.3986 7.3814 -11.2 -9.21287 -7.28713 -5.40006 0.861212 80 13.8675 52
0 10 7 7.70296 11.4832 5.5002 14.1804 -11.1996 0.787875 -8.1955 -0.808 2.40754 79 0.564604 50
0 10 8 0.500202 11.78 0.0002025 10.28 -11.2997 -9.20994 -9.39928 -7.30953 0.698559 81 9.38848 41


1 0 0 -0.847224 1.59747 0.000496565 1.24326 -0.898834 1.5639 -1.24084 -0.000509152 97672.5 296747 96743.5 295512
1 0 1 -0.863124 1.39924 0.101122 1.95189 -0.871263 1.39986 -1.95148 -0.101295 54470.8 228076 54157.5 227570
1 0 2 -1.09759 1.18393 0.0907025 3.89495 -1.101 1.17808 -3.47884 -0.30132 597.157 5183 713.217 5165
1 0 3 -1.10016 1.09804 0.47335 4.4696 -1.14087 1.09985 -4.49926 -0.31752 92.7762 815 93.4887 876
1 0 4 -0.944313 0.999812 0.510687 5.55444 -0.999811 1.17191 -5.48184 -0.43859 22.9459 225 20.7258 227
1 0 5 -0.976982 0.899922 0.501628 6.27838 -0.878963 0.999894 -6.19277 -2.61403 8.57743 93 12.6414 85

1 1 0 0.294015 2.20326 -1.10171 1.19134 -4.01569 -0.200151 -1.91016 1.90909 195152 854372 763.288 11123
1 1 1 0.122677 2.10021 -0.799791 1.83808 -2.69025 0.989456 -2.69607 0.678402 152550 795772 1424.41 17687
1 1 2 -0.34972 2.49642 -0.786546 3.40042 -2.35666 1.23853 -3.71725 -0.136503 979.801 11676 565.271 7277
1 1 3 -0.167333 2.39992 -0.22311 4.91139 -2.49733 1.40442 -5.59733 0.90442 141.258 1862 62.7951 1593
1 1 4 0.000305625 2.57897 -0.177995 7.29988 -2.09983 1.09621 -7.39283 -0.500361 25.3592 489 19.6562 433
1 1 5 -0.35446 2.09985 0.40023 9.05446 -1.99978 1.15644 -6.49868 -0.44268 8.66285 184 9.20788 176
1 1 6 0.112112 2.09936 0.50408 7.27858 -1.89993 1.18045 -9.38835 -0.208098 7.57653 102 2.79362 79

1 2 0 0.304834 3.99529 -1.19357 1.19992 -5.00298 -0.45998 -1.26733 1.20087 2917.67 25772 662.443 7428
1 2 1 0.244729 3.80135 -0.998822 2.31764 -3.89882 0.363395 -2.51697 0.406275 3257.2 38420 730.927 9107
1 2 2 -0.199353 4.27494 -1.09893 3.48533 -3.9631 0.798102 -4.17517 0.14533 356.291 7308 190.465 3918
1 2 3 -0.695678 3.57207 -0.797839 4.97207 -4.29052 0.998987 -6.58122 1.09678 70.2145 1729 31.7141 1288
1 2 4 -0.277433 3.38982 -0.377432 5.48982 -7.74808 1.36392 -15.8349 -0.42288 24.6785 531 2.50651 352
1 2 5 0.307725 3.65622 0.400257 10.549 -2.99982 0.96436 -6.29982 -0.53564 6.06183 206 6.3019 144
1 2 6 -1.49566 2.97884 0.600128 9.77475 -5.19334 -1.00959 -14.3989 -5.11511 2.48466 102 1.67349 65

1 3 0 0.305567 6.67335 -1.20636 1.19985 -6.82765 -0.9164 -1.15112 1.10225 435.968 6680 296.916 3955
1 3 1 0.401462 6.18272 -0.899821 2.37604 -5.36407 0.0955967 -2.29942 0.342405 558.911 10585 366.347 5284
1 3 2 -0.269281 6.09259 -1.02466 3.69954 -4.86807 -0.10066 -3.56834 -0.800529 143.238 4305 191.963 2533
1 3 3 0.500275 5.24652 -0.998218 5.44706 -5.45003 0.699158 -5.56518 0.582325 46.6151 1426 26.7181 1010
1 3 4 -0.3992 4.5808 -0.682 5.798 -4.64867 2.76433 -5.61387 -0.500435 14.8743 480 9.18063 348
1 3 5 0.100263 4.64803 -0.472175 6.27532 -4.58973 0.876025 -6.48973 -0.523975 6.84351 210 4.20151 137
1 3 6 0.60012 4.17624 0.70108 7.58908 -4.29746 0.783035 -7.49747 -0.616965 3.89732 96 2.23135 78

1 4 0 0.600305 8.20835 -1.13528 1.19979 -7.16747 -1.01647 -1.16 1.11549 179 3180 156.895 2196
1 4 1 0.363625 7.59556 -0.899775 2.26133 -9.61051 -1.4 -2.38816 0.367092 222.651 5090 139.599 3158
1 4 2 0.412285 8.35178 -0.971202 4.39903 -6.49438 -0.10738 -3.49262 -0.40562 61.965 2642 83.787 1652
1 4 3 0.04128 9.78328 -0.99871 7.24458 -7.71759 0.598158 -7.41759 1.09816 12.8508 1032 10.4074 737
1 4 4 0.33096 6.83421 -0.699678 5.50422 -9.97917 0.559575 -8.17795 -0.2392 9.59215 387 2.92836 245
1 4 5 0.73663 5.19988 0.33663 5.99993 -6.89484 0.97291 -6.19992 -0.710643 5.8552 148 2.98692 129
1 4 6 0.002665 8.28216 0.502665 13.9822 -5.19904 -3.01279 -7.59959 -4.81334 0.734744 82 9.02907 55

1 5 0 0.700399 9.58778 -1.18127 1.09984 -7.98965 -3.63465 -1.09999 1.08503 86.4691 1753 145.022 1380
1 5 1 0.403506 9.70576 -0.999488 2.30014 -10.3975 -1.3948 -2.45255 0.0987881 91.3859 2805 87.0304 1999
1 5 2 0.50121 8.87567 -0.798933 3.67752 -10.3296 -1.51839 -3.29947 -0.487687 45.5347 1707 46.619 1155
1 5 3 0.500682 7.59755 -0.89591 4.79959 -8.38794 -1.42194 -5.6665 -0.90025 20.2374 818 16.1438 536
1 5 4 0.527115 9.94736 -0.972885 7.14737 -9.86618 -2.21068 -7.57374 -0.118245 4.17022 319 3.11867 178
1 5 5 0.700134 6.56015 -0.48712 6.77263 -6.89888 -4.02138 -6.99888 -2.02137 3.78447 161 6.28371 90
1 5 6 0.800099 6.28045 0.602962 7.68321 -5.99634 -3.41159 -7.49543 -4.71067 2.03596 79 8.47471 61

1 6 0 0.618525 10.395 -1.32713 1.09936 -10.7957 -5.19247 -1.16655 1.2367 41.6479 988 58.4434 787
1 6 1 0.404337 9.27059 -0.656783 2.29863 -10.3984 -3.30636 -2.19364 0.29918 66.2126 1735 69.6869 1232
1 6 2 0.501454 10.4122 -0.711012 3.49941 -8.86859 -4.55334 -3.36859 -0.553343 27.8708 1163 60.8305 739
1 6 3 0.23934 7.69942 -0.69661 4.28314 -11.6848 0.125923 -6.31343 -0.902677 15.1281 562 5.58642 357
1 6 4 0.508093 9.94584 -0.699689 7.03837 -7.46312 -4.50019 -5.37244 -1.80968 3.40956 249 14.1149 149
1 6 5 0.502503 10.3668 -0.797498 7.26675 -7.19944 -3.91819 -6.39962 -4.01837 1.79766 143 9.5988 75
1 6 6 0.60969 7.59069 0.50969 7.39069 -7.29843 -5.60768 -6.99995 -5.30458 1.58214 76 12.9079 37

1 7 0 3.97997 10.2991 -1.05911 1.00004 -8.98293 -5.20118 -1.09983 1.09113 55.8714 727 57.0866 473
1 7 1 0.600915 11.4282 -0.998627 2.22825 -10.798 -5.90171 -2.19906 0.199375 31.4267 1098 69.401 815
1 7 2 0.500964 9.90918 -0.609177 3.19904 -8.79957 -2.32833 -3.28841 -0.217163 21.5192 771 25.9122 515
1 7 3 0.59306 9.39953 -0.9859 5.1201 -8.49984 -1.06287 -4.27587 -0.13937 6.99245 376 8.25666 254
1 7 4 0.503255 10.9568 0.600232 6.25396 -10.6887 -3.51845 -5.19435 -3.20922 3.14714 186 8.36036 119
1 7 5 0.40027 8.47327 -0.29487 6.37813 -7.98193 0.599818 -6.19909 -0.617338 2.00478 108 1.52397 73
1 7 6 -1.48416 8.09995 0.10048 7.48448 -8.19991 -6.40891 -7.19955 -5.30855 0.90435 64 10.6296 36

1 8 0 2.30718 11.3919 -1.08041 1.00434 -11.4896 -7.25886 -0.899862 0.982861 24.3407 461 34.7757 277
1 8 1 0.772485 9.98174 -0.66266 2.24659 -9.79949 -2.33549 -2.15632 0.60718 28.4786 763 26.4704 546
1 8 2 0.6091 9.8791 -0.78505 3.09998 -10.7653 -4.45657 -3.2997 -0.290338 14.4387 520 19.2254 365
1 8 3 0.510988 10.8377 -1.25678 5.16997 -11.8996 -2.74282 -4.85718 -1.00043 4.41482 293 4.89873 173
1 8 4 1.0004 11.3606 0.600398 5.16065 -9.79363 -6.21813 -5.07575 -3.20006 3.36541 159 14.6127 98
1 8 5 0.900225 11.1777 -1.19977 6.87773 -9.29997 -6.31213 -6.08787 -1.30012 1.08412 90 3.42537 49

1 9 0 1.06905 10.9998 -1.09744 0.979307 -10.9998 -5.84925 -0.898507 0.884909 13.5282 279 21.6646 199
1 9 1 1.2014 11.0714 0.000325 2.13565 -11.9695 -7.85424 -2.09983 -0.0839025 24.673 520 40.8628 339
1 9 2 0.40698 11.1197 -0.413622 3.19956 -10.8997 -5.76311 -3.23689 -1.10016 9.01642 349 23.2337 255
1 9 3 0.748015 10.5998 0.605335 4.15684 -11.6981 -3.32558 -4.09697 -1.22448 5.54464 194 4.5738 110
1 9 4 0.500159 10.9686 -0.768568 5.19984 -10.797 -3.91296 -5.19952 0.58448 2.03266 127 1.60735 64
1 9 5 1.30436 10.6876 0.716582 6.09992 -10.3968 -8.40753 -5.99796 -4.10871 1.32639 67 11.4417 43

1 10 0 9.10236 11.9551 -0.976611 0.999843 -11.6957 -8.32849 -0.999891 0.967578 33.5206 189 19.7737 131
1 10 1 0.586378 11.6996 0.0863775 2.09978 -11.6905 -1.44648 -2.09048 1.35352 15.5975 349 6.34915 224
1 10 2 0.00567 11.9427 -0.63763 3.09984 -11.8743 -5.21783 -3.09978 0.356935 5.64842 252 7.56205 174
1 10 3 5.43094 11.5998 1.60406 3.97281 -11.6971 -8.31936 -4.298 -1.92025 8.55426 125 11.0814 89
1 10 4 1.02104 11.5999 -0.478963 5.09989 -11.2991 -6.61139 -5.08787 -2.00012 1.44024 85 3.38524 49


