 1 -4.02374 0 0 4.02826
 2 -3.2227 0 0 3.25889
 3 -3.68606 0 0 3.70594
 4 -5.09487 0 0 5.08087
 5 -8.2656 0 0 8.2284
 6 -12.2831 0 0 12.3526
 7 -17.9019 0 0 17.8644
 8 -26.6001 0 0 25.2816
 9 -37.5625 0 0 37.1047
 10 -61.4786 0 0 53.2984
 11 -69.0533 0 0 67.368
 12 -80.099 -0.163065 0.00163965 77.4492
 13 -75.5305 -0.0021171 0.198416 80.0991
 14 -80.099 -0.206938 0.223685 80.0992
 15 -80.0993 -0.307551 0.255388 80.0992
 16 -80.0994 -0.348804 0.244704 80.0994
 17 -80.0993 -0.327193 0.297231 80.0995
 18 -80.0995 -0.219694 0.259797 80.0995
 19 -80.0996 -0.297164 0.279774 80.0997
 20 -80.0997 -0.192766 0.284807 80.0997
 21 -80.0997 -0.326853 0.260413 80.0997
 22 -80.0997 -0.738802 0.288267 80.0997
 23 -80.0997 -0.359429 0.272316 80.0997
 24 -80.0998 -0.503924 0.33584 80.0998
 25 -80.0998 -0.626428 0.468031 80.0998
 26 -80.0998 -0.172734 0.505174 80.0998
 27 -80.0998 -0.27843 0.28756 80.0998
 28 -80.0998 -0.632111 0.338131 80.0998
 29 -80.0999 -0.469498 0.3808 80.0999
 30 -80.0999 -0.194141 0.244324 80.0999
 31 -80.0999 -0.725815 0.227126 80.0999
 32 -80.0999 -0.280472 0.329438 80.0999
 33 -80.0999 -0.74747 0.632486 80.0999
 34 -80.0999 -0.791895 1.6257 80.0999
 35 -80.0999 -0.407123 0.349521 80.0999
 36 -80.0999 -0.0866925 0.75045 80.0999
 37 -80.0999 -0.347356 0.628546 80.0999
 38 -80.0999 -0.526195 0.646144 80.0999
 39 -80.0999 -0.532407 0.619641 80.0999
 40 -80.0999 -0.190878 0.36632 80.0999
