 1 -4.011 0 0 4.01278
 2 -3.1933 0 0 3.21426
 3 -3.66538 0 0 3.69021
 4 -5.0746 0 0 5.07917
 5 -8.30388 0 0 8.27108
 6 -11.8358 0 0 11.9694
 7 -17.2248 -0.0133791 0.011862 17.3507
 8 -24.9799 -0.165606 0.180401 23.4306
 9 -35.9596 -1.36649 1.55902 33.7234
 10 -49.3172 -1.83518 2.05813 49.8562
 11 -65.9683 -3.20881 3.20504 64.3016
 12 -72.5548 -4.44403 3.86481 72.9743
 13 -70.7383 -5.52492 5.52803 74.5667
 14 -73.1899 -5.60896 8.43246 80.0991
 15 -80.0992 -9.2586 9.30875 80.0988
 16 -80.0992 -10.179 10.3857 80.0994
 17 -80.0992 -11.1366 11.2263 80.0994
 18 -80.0994 -12.1433 12.4285 80.0994
 19 -80.0995 -12.9942 13.0022 80.0996
 20 -80.0996 -14.1215 14.0235 80.0996
 21 -80.0997 -14.9845 15.0427 80.0996
 22 -80.0997 -15.2723 15.3775 80.0996
 23 -80.0996 -16.762 16.8728 80.0997
 24 -80.0997 -17.6911 17.5246 80.0997
 25 -80.0997 -17.9714 18.263 80.0997
 26 -80.0998 -19.0841 19.6046 80.0998
 27 -80.0998 -20.5837 20.3904 80.0998
 28 -80.0998 -20.9316 21.3714 80.0998
 29 -80.0998 -21.9769 21.4777 80.0998
 30 -80.0998 -22.0924 22.7798 80.0999
 31 -80.0998 -23.6518 24.1044 80.0999
 32 -80.0999 -24.4381 23.0825 80.0999
 33 -80.0999 -25.766 25.8381 80.0999
 34 -80.0999 -26.2135 25.7766 80.0999
 35 -80.0999 -27.0053 27.8835 80.0999
 36 -80.0999 -27.2586 27.7339 80.0999
 37 -80.0999 -27.482 28.7269 80.0999
 38 -80.0999 -29.8538 29.6893 80.0999
 39 -80.0999 -30.2653 31.1698 80.0999
 40 -80.0999 -31.0357 31.3463 80.0999
